-9.79403
-8.23073
5.6266
-10.63978
6.05611
-8.16327
6.00414
-10.59814
5.98821
-8.42932
5.95952
5.98661
-8.42782
5.96972
5.98502
5.93695
5.94148
5.94878
-8.50045
-8.44995
-10.83543
-10.83822
-8.43675
-6.19298
-8.23073
-8.05375
-8.1913
5.6266
-10.59814
-8.17452
5.98255
-6.38645
-8.42294
-8.48485
-6.33924
-10.91532
-8.32558
-10.95963
-10.99036
-10.99497
-11.02417
-10.83749
-10.91669
-8.63746
-11.14326
-11.13659
-10.90845
-11.12479
-11.12342
6.22626
-10.54204
-10.99482
-11.0035
-11.03163
-11.01064
-10.87675
-11.06581
-10.54612
-10.87558
-11.17336
-10.87825
-9.86153
-10.91975
-8.01676
-10.91822
-10.84961
-10.11999
-10.72907
-9.61361
-9.62867
-9.62041
-9.26902
-9.25166
-9.29746
-9.20359
-9.25357
-9.26208
-9.23904
-9.15725
-9.21873
-9.21843
-9.00217
-8.9293
-8.92252
-8.73424
-8.76925
-9.22794
-9.23904
-9.17358
-6.46984
-8.09952
-6.65746
-6.70224
-8.67283
-6.97015
-6.93504
-6.97015
-6.67156
-6.27526
-6.55065
-6.53734
-6.53734
-6.28786
-8.67679
-6.40596
-5.4569
6.70799
7.47727
6.70799
6.94722
7.08447
6.47221
5.79196
5.51327
5.99774
6.18519
5.88679
6.54578
6.92229
6.8133
6.762
6.83671
6.84953
6.84197
6.76486
6.76486
6.81307
7.48458
8.49614
8.57598
8.59609
8.51818
8.51751
8.47134
8.5266
8.54802
8.5266
8.55323
8.55778
8.57663
8.52981
8.50455
8.57727
8.50455
8.53115
8.51683
8.54479
8.51296
8.55323
8.61111
8.64631
8.60592
8.79287
8.69227
8.5688
8.69466
8.79231
8.6889
6.80768
8.69347
8.81007
8.7026
8.74886
8.69863
8.69565
8.60137
8.67547
8.68852
8.66181
8.68397
8.76664
8.67426
8.66181
8.74716
8.64253
8.71655
8.71655
8.71655
8.74658
8.79326
8.77904
8.81148
8.72321
8.80237
8.75114
8.74202
8.75856
8.77904
8.77449
8.77904
8.74658
8.81125
8.79873
8.79873
8.79873
8.82993
8.79349
8.79873
8.7942
8.75856
8.85973
8.79873
8.80995
8.77098
8.82752
8.86168
8.91806
8.86827
8.5989
8.85052
8.7517
8.84824
8.80813
8.7139
8.7139
8.66305
8.68956
8.75906
8.76532
8.36791
8.7204
8.73813
8.73813
8.72545
8.63177
8.62069
8.6022
8.64096
8.56161
8.63114
8.62069
8.17738
8.11921
8.54514
-5.76375
-5.625
-5.53749
-5.92306
-6.01033
-7.53227
-8.24862
-8.19196
-5.70756
-8.82904
-9.06958
-8.75426
-5.4808
-8.27229
-8.59289
-5.59994
-8.3243
-8.07064
-7.32991
-6.92221
-7.46351
-7.69177
-7.69002
-8.3964
-7.4254
10.18553
12.15181
9.86469
18.2318
12.8091
12.45235
13.50222
7.53634
7.36917
5.85366
14.12381
13.76136
13.76136
9.75832
9.26788
10.44236
10.56118
10.63794
10.70352
14.00951
12.51049
12.38168
10.30185
5.45834
-10.30342
-10.26469
-10.36106
-10.34816
-10.36152
-10.36176
-10.32258
-10.32237
-10.34861
-10.37444
-10.3675
-10.34861
-10.34861
-10.38089
-10.37444
-10.37444
-10.37444
-10.4
-10.4
-10.40645
-10.37419
-10.35967
-10.3404
-10.42444
-9.01875
-7.66015
-5.68039
-5.4898
-5.82857
-5.89914
-5.89914
9.30139
-5.96637
-5.6529
-6.51688
-8.69266
-8.39392
-8.62258
-9.09856
-9.025
-9.08202
-9.05001
6.42035
-9.02644
-9.04535
-9.04034
-5.67519
-9.05604
-9.0818
-9.0818
-9.16555
-9.1909
-9.05006
-9.22974
-9.05006
-5.71727
-9.55668
-9.67356
-9.66552
-9.6362
-6.294
-9.53547
-9.55034
-9.25353
-6.22241
-6.21142
-6.20476
-6.20764
-9.64343
-6.106
-9.87622
-9.88872
-9.89213
-9.89781
-9.89325
-9.89325
-9.89101
-9.8967
-9.8967
-9.19337
-6.4294
-9.91371
-9.91371
-6.81572
-10.28858
-10.2679
-10.25872
-6.82602
-6.82848
-6.83579
-10.26936
-9.8585
-10.3037
-6.90022
-10.27845
-6.95024
-10.24855
-10.17428
-10.25805
-10.25343
-10.25468
-10.23965
-10.24183
-10.18611
-6.26277
-10.25468
5.50699
6.1192
5.83215
5.86042
5.90172
5.78004
5.93212
5.93212
5.96751
5.8787
5.96751
6.03629
6.01242
6.00191
5.98091
6.06393
5.96273
6.08842
6.08842
5.90195
6.57291
6.0971
6.05801
6.05687
6.08758
6.09768
6.08057
6.07295
6.054
6.01233
6.02655
6.1
6.00854
6.01233
5.99905
5.99905
5.9508
6.01326
5.70093
6.0095
6.06403
6.06403
5.92049
5.963
5.95634
5.92979
5.97057
5.94877
5.97057
5.97057
5.97057
5.97057
5.91275
5.92698
5.92698
5.9608
5.92698
5.96583
5.94877
5.94877
5.96583
5.90327
5.97057
5.9905
5.99905
5.92769
5.92681
5.9715
5.89243
5.96291
5.69953
6.07126
5.89184
6.01711
5.99146
5.79615
5.81352
-6.97191
-13.39982
-10.68245
-6.79708
-5.6566
-6.17425
-16.2477
-15.79449
-5.98653
-5.82219
8.25199
8.64174
8.65443
8.65932
8.61435
8.61457
8.61457
8.61777
8.62256
8.61457
8.62256
8.60978
8.62256
8.63121
8.63121
8.59677
8.597
8.59517
8.59517
8.59517
5.89039
8.61435
8.58968
8.58968
8.59038
8.5712
8.55545
8.55545
8.55545
8.58376
8.52735
8.3872
8.57869
8.68517
8.67111
8.56441
8.62506
8.52407
5.63184
7.34515
7.51141
7.47953
7.52519
7.51102
7.49213
7.49685
7.49685
7.50157
7.50157
7.51416
7.35373
7.33836
7.33637
7.42718
7.47244
7.48031
7.49449
7.49449
7.48031
7.49606
7.49134
7.49606
7.48976
7.51969
7.15547
5.50462
5.57921
8.51652
8.50613
8.30791
8.52477
8.52477
8.52477
8.52759
8.51928
8.61653
8.57941
8.59674
8.59742
8.60858
8.61111
8.62911
8.5712
8.55137
8.50953
8.51764
8.44234
8.22966
8.22495
8.22495
8.24297
7.42947
6.73355
-6.62058
-7.63703
-6.62058
-7.06889
-9.29041
-9.14408
-9.14408
-8.93527
-7.14598
-7.74627
-7.74627
-6.77507
-7.11438
-8.80379
-5.725
-5.678
-5.657
-5.63633
-5.62519
-5.63432
-5.63432
-5.63432
-5.63432
-5.62231
-5.66093
-5.63088
-5.76116
-5.76116
-5.76116
-5.76116
-5.7792
-5.76116
-5.76116
-5.76116
-5.76116
-5.75013
-5.76116
-5.77738
-5.55423
-5.77135
-5.78366
-5.74152
-5.78123
-5.74282
-5.78123
-5.78123
-5.78123
-5.78123
-5.78123
-5.80775
-5.78123
-5.78366
-5.78424
-5.78424
-5.77421
-5.77622
-5.77363
-5.77363
-5.77263
-5.77263
-5.74396
-5.74396
-5.75156
-5.75399
-5.75198
-5.77104
-5.77263
-5.77263
-5.77263
-5.77263
-5.77564
-5.77564
-5.7712
-5.77205
-5.77205
-5.77004
-5.77004
-5.77104
-5.77104
-5.75843
-5.59427
-5.79285
-5.79285
-5.79486
-5.77205
-5.713
-5.74824
-5.74824
-5.74824
-5.95531
-5.93532
-5.74824
-6.02584
-5.80616
-5.80616
-5.74824
-5.75173
-5.72927
-7.5293
-5.78988
-7.92323
-5.87667
-6.77419
6.07003
-5.7107
-5.81103
-6.96309
-7.34063
-8.2591
-7.23006
7.29083
10.75383
10.67779
9.295
7.07488
7.76488
5.98571
7.53823
5.69508
-6.39782
-8.0518
-5.66532
-9.18607
-8.96298
-7.6668
-7.47425
-6.47965
-6.47965
-5.4712
-5.47186
-5.48022
-5.83793
-5.90256
-5.80221
-5.62899
-6.5746
-5.85631
-5.94916
-5.89334
-5.73637
-5.94666
-6.02361
-6.04083
-6.04803
-6.09906
-6.07653
-6.07742
-6.07669
-6.06002
-6.44901
-6.41011
-6.3676
-6.04083
-6.06696
-6.15491
-6.26601
-6.25865
-6.26211
-6.26684
-6.24353
-6.28298
-6.39129
-6.33272
-6.34494
-6.07536
-6.40032
-6.35621
-6.3627
-6.25173
-6.34627
-6.33658
-6.33689
-6.92079
-7.10715
-7.70673
-7.32027
5.59669
5.59529
5.58665
5.57481
-7.77983
5.56686
-7.78405
5.59637
5.58683
-7.78354
5.68453
5.59637
5.60025
5.57234
-7.82173
5.66984
5.62768
5.5887
5.62837
-7.24295
-7.73854
-7.68099
-6.86975
-7.72322
-7.49688
-7.70433
-7.32027
-7.75634
5.63977
-7.63167
5.62044
-7.64928
5.56203
5.68453
5.56015
5.47245
5.63165
5.47245
-7.58767
-7.68135
-7.67754
-7.73132
-7.73335
-7.68286
-7.72322
-6.39975
-9.20299
-6.48485
-13.38409
-9.50111
-9.50856
-13.43485
-9.48207
-13.51934
-9.53625
-13.62918
-13.44383
-13.63029
5.56449
5.5478
-13.50821
-13.51881
-13.6002
-13.6998
5.6758
-13.92727
-14.45535
-14.68893
-13.57508
5.96077
-13.56198
-9.26971
6.00893
6.01531
-7.12218
6.01946
-7.14081
5.99298
-14.75036
-14.51261
6.09206
6.16704
-14.7693
-14.83
6.02381
-9.55592
-14.80231
-13.61613
5.64399
5.5478
-13.81229
-7.50067
-14.63326
-7.82973
-7.72773
-10.51716
-7.75122
-7.70098
-7.71311
5.99298
-7.67089
-14.83
-7.71386
-7.95628
-7.88632
-6.78138
-7.85455
-14.70273
-7.21179
-6.64447
-7.67726
-7.94438
-6.52057
-5.56068
-8.4943
-9.80136
-9.73864
-5.46894
-7.06514
-7.36352
-7.12559
-9.3254
-7.41611
-9.48893
-7.39919
-7.33957
-8.66667
-7.31069
-7.29966
-7.33378
-7.25871
-7.33692
-7.34748
-7.33378
-7.53704
6.50843
5.65623
5.57612
5.69818
5.92543
5.95231
5.89609
5.88897
5.98223
5.91886
5.98578
5.88029
6.12171
6.11714
6.11643
5.70597
5.91103
5.81264
6.25035
6.26297
6.10127
6.33495
6.3159
6.3159
6.35049
6.33495
6.34492
6.30801
5.86335
5.87775
5.99497
6.30801
6.71398
6.74061
6.83572
5.57517
8.63409
8.53643
8.65288
8.65457
8.68586
8.61616
8.61616
8.62868
8.59825
8.47447
8.48598
8.58036
8.56875
8.56875
8.6321
8.56875
8.56875
8.56875
8.56875
8.56875
8.56875
8.6321
8.56875
8.6321
8.55
8.55
8.61961
8.58838
8.76619
8.575
10.0806
10.01742
10.08135
10.17291
10.17391
8.5443
10.36449
8.53727
8.5443
8.5654
10.44653
8.5654
8.55735
8.55735
8.55735
8.55735
8.55735
8.55735
8.55735
8.55735
8.59254
8.59254
10.48795
8.5855
8.5855
8.5855
8.5855
8.5855
8.5855
10.52016
8.58151
10.39458
10.45321
10.60142
8.51617
10.60142
10.60142
8.47612
9.39032
8.58151
10.65487
10.69713
10.67995
10.51388
10.63127
10.43029
10.63127
10.63127
10.68581
10.69168
10.60071
10.67927
10.72098
10.72098
10.75029
9.41106
9.78471
6.5082
10.75029
9.40227
5.63456
5.57477
5.69672
5.49532
5.4557
6.16308
6.09313
7.58136
5.74562
7.58273
7.55714
15.94937
11.38386
10.71556
10.1863
6.05117
5.52781
5.91185
5.587
-6.68809
-7.88154
-6.03636
-6.61417
-6.3584
7.23094
7.62431
6.38
7.62431
7.51229
7.42213
-7.23282
-6.46964
-6.98985
-7.00565
-7.03054
-6.83258
-7.10243
-7.09421
-7.09019
-7.09421
-7.09824
-7.07151
-7.07151
-7.00568
-7.09824
-7.07151
-7.10079
-7.06583
-7.06583
-7.06583
-7.09256
-7.06583
-7.07151
-7.08286
-7.07789
-7.05281
-7.06583
-7.08688
-7.07151
-7.07789
-7.09915
-7.05686
-7.44586
-7.50319
-7.42183
-7.67516
-7.52859
-7.37747
-7.75873
-7.47931
-5.56342
-6.91885
-8.05152
-8.0317
-5.6031
-7.70305
-8.39216
-8.40419
-8.55744
-5.84213
-8.4595
-8.54763
-8.56953
-8.58189
-8.56287
-7.31867
-7.69764
-7.31206
-7.69924
-7.31963
-7.69924
-12.65152
-8.62252
-8.62343
-8.10458
-7.6105
-11.79702
-7.58978
-7.60359
-7.59669
-7.58978
-7.2677
-7.31963
-7.70289
-7.39859
-8.61589
-6.68986
-8.78449
-8.76559
-7.46897
-8.77873
-7.46897
-8.80499
-11.74115
-7.48792
-7.49482
-11.75047
-8.83125
-7.56906
-11.7444
-7.5745
-7.75312
-8.75576
-8.76234
-12.70913
-8.77873
-12.68756
-12.71863
-12.70913
-12.70913
-7.68966
-12.70913
-12.70913
-8.64322
-12.70913
-12.70913
-12.71863
-12.71863
-12.71863
-12.72814
-12.70398
-12.69962
-9.80481
-8.67193
-12.60911
-12.53321
-12.60911
-8.69337
-12.61611
-12.65403
-12.73585
-12.75472
-12.61236
-12.71698
-7.81994
-12.67486
-9.21752
-8.42037
-12.67672
-7.74763
-12.39292
-12.61194
-12.57223
-8.39072
