1.71068
3.05007
-4.18986
4.03643
-4.24814
3.03089
-4.2502
4.03838
-4.21786
3.09964
-4.21786
-4.21628
3.07532
-4.21244
-4.23528
-4.25882
-4.32791
-4.2733
3.10529
3.10873
3.98799
3.99162
3.09191
4.38708
3.05007
2.91225
3.0407
-4.18986
4.03838
3.08719
-4.31747
4.34148
3.15805
3.25
4.34734
3.99329
2.63951
3.98743
3.94388
3.94998
3.95921
3.69852
4.54043
3.73856
4.05031
4.0615
4.65238
4.07438
4.18174
-4.57206
3.8267
4.18741
4.21414
4.17052
4.11337
4.01009
4.08268
3.86927
3.8596
3.90149
3.89681
4.3656
3.9391
3.11494
3.91735
4.02596
2.84525
3.93935
2.95031
2.94214
2.9435
2.78924
2.74369
2.67292
2.72344
2.72925
2.76416
2.72802
2.7566
2.76031
2.65897
2.65143
2.50135
2.56083
2.58763
2.49605
2.73173
2.72802
2.8682
-1.3307
0.22574
-0.61483
-0.56796
-0.06498
-0.50872
-0.50872
-0.61179
-0.58648
-0.17656
-0.54971
-0.38289
-0.38248
-0.16184
-0.08949
0.4131
0.95631
-0.5409
-0.73107
-0.5409
-0.73978
-0.93835
-1.09546
-3.76846
-3.49068
-4.03312
-2.29279
-2.12757
-3.36578
-3.44321
-3.33935
-3.59467
-3.6999
-3.7759
-3.60677
-3.81317
-3.81317
-3.56304
-4.16171
-4.75447
-4.74506
-4.77502
-4.77043
-4.75207
-4.81618
-4.74747
-4.82996
-4.82077
-4.82996
-4.77941
-4.77941
-4.78181
-4.7156
-4.70615
-4.71776
-4.72502
-4.77722
-4.74553
-4.78421
-4.77722
-4.77262
-4.74436
-4.72426
-4.80406
-4.93068
-4.87929
-4.86836
-4.90069
-4.84779
-3.50474
-4.84303
-4.87274
-4.93764
-4.86399
-4.85016
-4.8338
-4.82949
-4.81806
-4.80681
-4.84361
-4.85253
-4.76489
-4.90792
-4.84346
-4.86449
-4.83753
-4.86709
-4.80293
-4.7844
-4.77399
-4.83603
-4.83141
-4.8615
-4.83141
-4.84765
-4.74436
-4.83141
-4.81499
-4.83141
-4.83141
-4.83141
-4.83141
-4.7453
-4.74312
-4.74071
-4.74071
-4.74071
-4.76691
-4.74071
-4.73394
-4.81499
-4.70696
-4.74071
-4.71586
-4.74312
-4.74094
-4.69481
-4.68192
-4.76845
-4.38234
-4.79742
-4.78699
-4.72578
-4.81244
-4.74886
-4.74886
-4.83989
-4.81922
-4.83043
-4.76803
-4.37512
-4.68046
-4.79157
-4.79157
-4.67281
-4.53287
-4.60993
-4.62535
-4.57863
-4.5746
-4.58183
-4.60993
-3.90373
-3.62456
-4.10132
-0.89254
0.57958
-0.35907
0.15913
-0.35368
0.40597
-0.98606
0.04274
-0.53524
-0.56251
-1.0152
-1.02465
0.47558
-0.74614
-0.30148
-0.74807
-0.52764
-0.77192
-0.58157
-0.82134
-0.59037
-0.49296
-0.51001
-1.32734
-0.32501
0.73512
0.93953
0.30126
0.76162
0.07237
0.80125
0.86655
0.18041
4.86838
-0.06784
1.48886
1.0167
1.01572
0.15717
0.25642
0.66867
0.74087
1.01364
1.18877
1.68359
2.09227
1.69693
1.64885
1.17222
-0.41463
-0.44339
-0.46843
-0.48348
-0.46181
-0.44234
-0.45086
-0.46091
-0.44655
-0.44904
-0.46307
-0.44764
-0.46398
-0.46648
-0.46686
-0.46424
-0.46513
-0.47011
-0.47075
-0.45619
-0.43704
-0.50286
-0.32419
-0.43507
0.31022
1.10788
-1.8033
2.31492
1.11906
1.19792
1.19792
-1.48973
-1.67011
-1.48802
-1.51252
-1.9316
-1.95792
-1.91406
-1.91035
-2.08339
-1.91837
-1.89722
1.27107
-1.85356
-1.80945
-1.80072
-1.01446
-1.83157
-1.84663
-1.84663
-2.20265
-2.22747
-1.99229
-2.1807
-1.99229
-2.29703
-2.49658
-2.50285
-2.46721
-2.49291
-1.69158
-2.44475
-2.38721
-2.4845
-1.6384
-1.6008
-1.59075
-1.59195
-2.46797
-1.99913
-2.60038
-2.58126
-2.5658
-2.5658
-2.57397
-2.57397
-2.61808
-2.55568
-2.55006
-2.10952
-2.10777
-2.55539
-2.55539
-2.17454
-2.5878
-2.62248
-2.6408
-2.20917
-2.20337
-2.19756
-2.59425
-2.53308
-2.61369
-2.20373
-2.56838
-2.1765
-2.52013
-2.76717
-2.59208
-2.58833
-2.52735
-2.51843
-2.50777
-2.52216
-3.13327
-2.52735
1.02019
0.69425
-6.47894
-6.80729
-6.82297
-6.83905
-6.86303
-6.86303
-6.88995
-6.89804
-6.88995
-6.90579
-6.85495
-6.89622
-6.84715
-6.81166
-6.63801
-6.61197
-6.61197
-6.64118
0.87436
-6.29895
-6.27685
-6.4194
-6.36581
-6.49857
-6.47954
-6.4619
-6.46667
-6.4776
-6.5205
-6.26437
-6.52526
-6.4776
-6.45606
-6.47031
-6.41635
-6.4245
-6.32124
-6.54745
-6.35116
-6.35116
-6.38612
-6.14613
-6.15091
-6.14613
-6.24821
-6.24821
-6.24344
-6.24344
-6.24344
-6.24344
-6.24344
-6.24344
-6.24344
-6.36538
-6.24821
-6.26253
-6.26253
-6.26253
-6.26253
-6.19752
-6.2673
-6.31328
-6.29417
-6.26137
-6.29842
-6.25239
-6.37147
-6.39847
-6.15167
-6.36277
-6.19025
-6.34799
-6.27442
-5.82433
-5.71028
1.05052
1.26663
1.34551
-0.91411
-0.43042
-0.01188
-0.15969
-0.14447
0.43293
-2.06296
2.63799
2.66646
2.60051
2.67121
2.67438
2.68072
2.68115
2.6859
2.67914
2.68115
2.66804
2.68231
2.66804
2.63033
2.63033
2.6673
2.67163
2.66889
2.66889
2.66889
2.93239
2.69109
2.69212
2.69212
2.6784
2.63283
2.67755
2.66328
2.67322
2.65937
2.47283
2.42153
2.46539
2.6128
2.63754
2.51767
2.51374
2.70452
2.07692
1.90454
1.91078
1.89548
1.9139
1.90922
1.9139
1.90796
1.90796
1.90796
1.90796
1.89429
1.80361
1.83007
1.82101
1.95008
1.92356
1.92512
1.92512
1.92512
1.92512
1.92512
1.92512
1.92512
1.92668
1.9535
1.96934
1.72901
1.29348
2.64419
2.76276
2.64062
2.73503
2.73503
2.73503
2.48697
2.69811
2.63679
2.61007
2.63658
2.59259
2.58468
2.637
2.62233
2.63283
2.66065
2.67322
2.66032
2.52111
2.73591
2.74369
2.74369
2.64051
1.90572
1.90204
0.32609
0.24341
0.32609
0.00586
-0.90203
-0.87034
-0.87034
-0.75115
-0.69723
-0.74041
-0.74041
-0.76367
-0.95159
1.22572
0.29154
0.28299
0.28866
0.20896
0.21086
0.20498
0.20498
0.20568
0.20568
0.20637
0.21763
0.20488
0.21319
0.21319
0.1969
0.1969
0.2241
0.1969
0.1969
0.1969
0.1969
0.1992
0.1969
0.1992
0.23832
0.21738
0.1958
0.13283
0.21958
0.22737
0.21958
0.21958
0.21958
0.21958
0.21958
0.21477
0.21958
0.2017
0.23204
0.22265
0.22265
0.22325
0.22118
0.22056
0.22056
0.22056
0.18363
0.18553
0.18323
0.18323
0.18323
0.18343
0.22056
0.22056
0.22056
0.22056
0.23333
0.22056
0.22807
0.17325
0.17325
0.23054
0.23054
0.23054
0.23054
0.23283
0.0452
0.17255
0.17255
0.16916
0.2475
0.18433
0.17655
0.17655
0.17655
0.16917
0.28317
0.17655
0.31028
0.22655
0.22655
0.17196
0.31024
0.33787
0.41565
-0.07141
0.49685
-0.54776
0.18196
-0.24649
-0.63568
0.77286
0.56863
0.88921
-0.30829
-0.01296
1.06875
1.12966
1.05015
0.85905
0.09262
1.44664
-0.03453
1.22303
-0.01014
-0.62609
0.36153
-0.39085
1.22198
1.05251
0.92129
1.94033
0.57874
0.57874
-1.55791
-1.55221
-1.56265
-1.23926
-1.29189
-1.346
-1.33287
0.87541
-1.30334
-1.32448
-1.5639
-1.44336
-1.18293
-1.11402
-1.12189
-1.13755
-1.16976
-1.14302
-1.15659
-1.18332
-1.1911
-1.28638
-1.27769
-1.51736
-1.12189
-1.15524
-1.5425
-1.56114
-1.56193
-1.54154
-1.63205
-1.61912
-1.6503
-1.65468
-1.72928
-1.78393
-1.16826
-1.81849
-1.81663
-1.82502
-1.72993
-1.67871
-1.64889
-1.68005
-1.50107
-1.34503
-0.61811
0.67514
-0.33344
-0.3121
-0.32672
-0.25989
-0.63503
-0.28896
-0.61351
-0.29091
-0.27212
-0.6157
-0.37097
-0.29075
-0.26608
-0.29007
-0.66234
-0.20818
-0.16817
-0.18193
-0.20349
-0.56733
-0.91703
-0.91964
-1.7357
-0.88519
-0.8182
-0.90642
0.67514
-0.9218
-0.24584
-0.94355
-0.41335
-0.94159
-0.45689
-0.37097
-0.34074
-0.24893
-0.37667
-0.24893
0.55856
0.61418
0.61469
0.41452
0.47491
0.46486
-0.88519
1.25555
-0.06047
-0.81487
0.38872
0.23847
0.24352
0.38474
0.26375
0.66988
0.10938
0.76491
0.3999
0.76428
-1.27609
-1.25887
0.42796
0.44358
0.41416
0.43691
-1.33559
0.73749
0.46928
0.87822
0.17816
-0.25242
0.18715
0.16541
-0.24301
-0.23825
-0.97271
-0.19212
-0.96905
-0.18112
0.85359
0.49456
-0.47561
-0.45296
0.88698
0.88861
-0.24953
0.27553
0.88548
0.18165
0.15075
-1.25887
0.87918
0.98019
0.46632
1.13848
1.08422
1.22083
1.05951
1.08752
1.0876
-0.18112
1.11945
0.88861
0.98402
1.26222
0.86456
1.55172
0.90103
1.01437
0.90487
1.14859
1.12048
1.38384
1.13262
0.55143
-0.37975
-1.60544
-1.55142
-0.06399
-0.79548
-1.00197
-0.74502
-1.5368
-0.65678
-1.53825
-0.63689
-0.64148
-1.14294
-0.18285
-0.61561
-0.70604
-0.61549
-0.53604
-0.79777
-0.70604
-0.73353
0.03334
-0.49917
-0.46697
-0.52483
-0.75668
-0.7493
-0.74225
-0.75563
-0.76707
-0.69704
-0.73892
-0.48786
-0.68985
-0.69745
-0.69604
-0.11337
0.07186
0.14056
0.87256
0.88162
-0.96022
0.70718
-1.03792
-1.03792
0.69109
0.70787
0.69178
0.75433
1.12637
0.10438
0.55393
0.75433
1.02584
1.01432
0.88683
-0.11853
0.74875
0.60144
0.63319
0.55538
0.5425
0.59776
0.59776
0.59377
0.59377
0.58723
0.5884
0.5608
0.60112
0.59371
0.54798
0.58501
0.58501
0.58501
0.58501
0.58501
0.60808
0.55385
0.60808
0.5546
0.61325
0.61051
0.57739
0.56464
0.55877
0.58831
0.76023
0.62011
0.71929
0.83541
0.60755
0.4443
0.77352
0.47771
0.49776
0.49734
0.71578
0.49734
0.47792
0.47792
0.47792
0.47792
0.47792
0.47792
0.47792
0.47792
0.47792
0.4761
0.70186
0.46573
0.46573
0.46315
0.46573
0.46573
0.46573
1.00173
0.59004
0.90105
0.84419
0.84942
0.41502
0.87442
0.89942
0.4896
0.77915
0.59004
0.9692
1.26325
1.21037
1.24042
0.87035
1.0751
0.90581
0.89367
1.20807
1.20807
0.93275
0.90803
1.22376
1.22491
1.22607
0.38221
1.61551
0.32367
1.22607
0.65495
-1.37611
-1.42091
-0.84801
-1.45032
-1.15212
0.48865
0.13425
-1.53712
-0.31991
-2.04846
-1.57854
-3.96786
-2.56111
-2.28173
-2.40804
-0.16321
-0.04893
-2.72895
-0.02428
-0.40666
-0.52801
-0.22239
-0.71606
-1.08075
-0.51901
-1.25243
-1.44453
-1.25243
-1.13686
-0.71953
0.72375
1.49443
1.22488
1.23192
1.18851
1.08138
1.14238
1.20213
1.16676
1.20213
1.23305
1.1551
1.18981
1.43578
1.23305
1.18981
1.29537
1.15398
1.1551
1.22999
1.19776
1.1551
1.15733
1.19317
1.15311
1.22689
1.24454
1.26148
1.30688
1.15311
1.17365
0.78015
-0.77444
-0.85445
-0.84013
-0.74781
-0.76062
-0.86654
-0.7578
-0.83709
-1.05453
-0.53697
-0.64874
-0.65133
-0.98698
-0.81829
-0.80271
-0.72968
-0.6094
1.11594
-0.68431
-0.77377
-0.78375
-0.87877
-0.85462
0.20182
-0.98487
0.20138
-0.97937
0.24462
-0.989
-1.14219
-0.88424
-0.86649
1.01458
-0.97871
-1.13996
-0.96976
-0.96976
-0.95604
-0.95467
0.24766
0.24462
-0.69767
0.05703
-0.70523
0.1321
-0.52992
-0.52992
-0.91209
-0.52953
-0.94777
-0.54508
-1.11152
-0.93677
-0.95464
-1.15853
-0.50078
-1.04135
-1.24192
-1.14315
-1.15986
-0.40123
-0.39604
-1.0715
-0.51482
-1.10996
-1.06673
-1.06955
-1.06955
-1.36951
-1.06955
-1.06955
-1.03433
-1.06767
-1.06767
-1.06767
-1.06767
-1.06203
-1.06391
-1.04041
-1.05639
-1.44502
-1.04003
-1.0272
-0.98124
-1.02627
-0.45003
-1.04034
-1.05535
-1.15471
-1.15578
-1.3395
-1.15564
-0.80256
-0.96255
-0.91084
-0.25364
-1.12954
1.23636
-1.39539
-1.11521
-1.10415
-1.00698
