-0.58692
-1.3543
0.69099
-2.08883
0.41507
-1.39195
0.49749
-2.13588
0.37878
-1.16064
0.36578
0.3793
-1.17643
0.47089
0.38191
0.29731
0.28295
0.38419
-1.16944
-1.14063
-1.90634
-1.88424
-1.18797
-0.2408
-1.3543
-1.16038
-1.36997
0.69099
-2.13588
-1.50631
0.3879
-0.36184
-1.11861
-1.13749
-0.50965
-1.98839
-1.74961
-1.90884
-2.04502
-2.02985
-2.04615
-2.04499
-1.71577
-1.33927
-2.01825
-2.0141
-1.72162
-1.99253
-1.8444
0.19953
-1.83445
-1.94855
-1.96401
-1.97121
-2.00083
-1.98975
-1.84721
-1.92246
-1.97041
-1.92519
-1.98396
-0.68635
-2.04806
-0.99407
-2.06901
-1.97158
-2.02994
-2.08832
-1.85185
-1.86153
-1.86263
-2.11177
-2.09077
-2.20161
-2.15505
-2.16906
-2.18615
-2.1694
-2.21923
-2.20248
-2.27297
-2.35357
-2.41191
-2.44684
-2.71809
-2.70893
-2.1543
-2.1694
-2.18582
0.60063
0.63159
1.56391
1.5057
1.77904
1.56016
1.56016
1.57023
1.62367
1.63482
1.61654
1.54302
1.54342
1.66147
-0.75776
-0.18231
0.89137
0.3585
-0.16211
0.3585
-0.39641
-0.58879
-1.16394
0.86572
1.98463
0.01934
-0.35801
-0.51879
-0.9658
-0.95976
-0.84482
-0.90195
-1.0343
-1.1065
-0.98276
-1.079
-1.07951
-1.04897
0.36829
0.26034
0.23556
0.25075
0.27522
0.26986
0.32785
0.25356
0.31431
0.33244
0.38038
0.31363
0.33099
0.32343
0.25478
0.27803
0.24877
0.29701
0.35563
0.31845
0.39855
0.35372
0.30913
0.41234
0.31513
0.28564
0.30626
0.26396
0.3481
0.36898
0.26565
1.28382
0.24509
0.35446
0.31508
0.28618
0.27246
0.25553
0.2515
0.12837
0.1869
0.18649
0.15433
0.12276
0.24722
0.24661
0.04986
0.02747
0.10118
0.12678
0.17831
0.18476
0.18648
0.1947
0.20831
0.1958
0.18667
0.099
0.1958
0.23307
0.19639
0.19639
0.19571
0.1958
0.2591
0.24837
0.25662
0.25662
0.25481
0.25592
0.25785
0.25735
0.23307
0.15736
0.2573
0.18396
0.25817
0.22054
0.26741
0.0957
0.12871
0.42754
0.26457
0.21441
0.15814
0.20697
0.129
0.129
0.19946
0.23611
0.22937
0.36997
0.17689
0.14598
0.2454
0.2454
0.09977
0.0248
0.1167
0.1231
0.07205
0.09155
0.08657
0.1167
0.40742
0.55657
0.21631
-0.48683
0.95897
-0.47473
0.66371
0.07302
-0.42192
-1.24882
-1.06606
0.36001
-0.13084
-0.32331
-0.2617
0.95731
-0.5637
-0.37226
-0.95785
-0.62087
-0.54875
-0.70839
-0.66581
-0.87406
-0.76659
-0.80324
-0.48492
-0.813
1.13899
1.60394
1.00523
0.99969
1.38435
1.15517
0.64282
-0.72247
1.94002
0.15415
1.3508
1.45967
1.45967
0.26648
0.22482
1.0259
1.13835
0.96963
0.97576
1.23188
0.99697
0.46568
0.23379
0.18375
3.92035
3.89886
3.90726
3.87823
3.87618
3.88496
3.92172
3.94196
3.90208
3.90651
3.94953
3.90272
3.90398
3.90903
3.90651
3.90967
3.90967
3.93367
3.93241
3.9343
3.93999
4.03957
3.96222
4.0869
4.55691
2.29362
3.08117
2.51156
1.73011
1.63008
1.63008
-0.47522
-0.82001
-1.16716
-0.99545
-0.84371
-0.94902
-0.79405
-0.6614
-0.74033
-0.66453
-0.59171
0.78313
-0.5922
-0.57109
-0.57004
-0.66463
-0.64596
-0.57841
-0.57841
-1.18891
-1.27711
-0.75661
-1.27051
-0.75661
-0.80917
-1.63714
-1.63901
-1.6172
-1.67695
-1.98237
-1.63844
-1.60965
-1.53795
-2.00512
-1.97554
-1.96416
-1.96246
-1.69957
-1.16894
-1.41124
-1.40345
-1.39915
-1.39693
-1.40599
-1.40599
-1.46355
-1.40822
-1.41601
-0.9968
-1.3562
-1.41028
-1.41028
-1.4233
-1.49683
-1.49638
-1.50674
-1.3774
-1.37103
-1.37525
-1.4276
-1.42081
-1.47791
-1.31877
-1.57081
-1.35799
-1.52429
-1.66761
-1.54126
-1.53102
-1.44403
-1.42434
-1.48582
-1.4873
-1.41704
-1.44403
12.0829
12.60921
-4.27736
-4.77725
-4.82498
-4.89728
-4.91951
-4.91951
-4.92431
-4.90771
-4.92431
-4.89835
-4.81306
-4.8747
-4.80815
-4.79679
-4.83003
-4.83055
-4.83055
-4.82042
13.61245
-4.73784
-4.69877
-4.84948
-4.68966
-4.85419
-4.87059
-4.83749
-4.83749
-4.84677
-4.8869
-4.64631
-4.91278
-4.84677
-4.82613
-4.82386
-4.80019
-4.79568
-4.68313
-4.83734
-4.88296
-4.88296
-4.71086
-4.81342
-4.81342
-4.83947
-4.97639
-4.97639
-4.97639
-4.97639
-4.97639
-4.97639
-4.97639
-4.97639
-4.97639
-5.01664
-5
-5.01416
-5.0118
-5.01652
-5.0118
-4.84663
-5.01652
-5.01653
-5.00472
-4.90057
-4.87228
-4.88416
-4.88636
-4.87447
-4.55659
-4.95279
-4.78487
-4.88889
-4.82564
-4.93494
-4.8475
-0.1247
0.96016
1.50938
-0.11339
0.90122
0.45496
-1.38335
-1.11298
0.6357
-0.72309
1.72247
1.709
1.81277
1.71527
1.70273
1.70613
1.70456
1.70456
1.70456
1.70456
1.69359
1.69332
1.69359
1.68469
1.68469
1.69699
1.72051
1.69699
1.69699
1.69699
1.55692
1.71424
1.62984
1.62984
1.71294
1.69255
1.68261
1.66066
1.67346
1.65778
1.48925
1.43915
1.38699
1.45568
1.4357
1.5042
1.49604
1.66976
1.64131
1.40612
1.35519
1.36322
1.37124
1.36183
1.38827
1.39198
1.39198
1.39198
1.39198
1.38933
1.28972
1.29126
1.28268
1.3871
1.39605
1.38926
1.38926
1.38926
1.38926
1.38926
1.38926
1.38926
1.38602
1.37651
1.12367
1.37898
1.31077
1.57263
1.65859
1.51933
1.58931
1.58931
1.58931
1.58683
1.25272
1.2061
1.63534
1.64944
1.62987
1.61447
1.62958
1.65909
1.69255
1.7345
1.43221
1.41918
1.45151
1.52666
1.53644
1.53644
1.4916
1.46477
1.01146
-8.70607
-10.17128
-8.70607
-10.36199
-12.93956
-12.56007
-12.56007
-12.55242
-10.47493
-11.27069
-11.27069
-10.44164
-10.93737
-1.29918
-1.56988
-1.58407
-1.5935
-1.65813
-1.64631
-1.68079
-1.68079
-1.68079
-1.68079
-1.67882
-1.64335
-1.67291
-1.61759
-1.61759
-1.62055
-1.62055
-1.57241
-1.62055
-1.62055
-1.62055
-1.62055
-1.6166
-1.62055
-1.6166
-1.64838
-1.5998
-1.61858
-1.66535
-1.58992
-1.57806
-1.58992
-1.58992
-1.58992
-1.58992
-1.58992
-1.56565
-1.58992
-1.59881
-1.58992
-1.56663
-1.56663
-1.56466
-1.57312
-1.56762
-1.56762
-1.56762
-1.57848
-1.57651
-1.58045
-1.58045
-1.58045
-1.57947
-1.56762
-1.56762
-1.56762
-1.56762
-1.56762
-1.56762
-1.56028
-1.62586
-1.62586
-1.54985
-1.54985
-1.54985
-1.54985
-1.5459
-1.39244
-1.58243
-1.58243
-1.58539
-1.54788
-1.57848
-1.58539
-1.58539
-1.58539
-1.33236
-1.37806
-1.58539
-1.30303
-1.55676
-1.55676
-1.5844
-1.48181
-1.41298
-2.05593
-1.30626
-1.91311
-1.71881
-1.65166
0.31362
-0.6094
0.25087
-0.30608
0.07197
-0.26026
-0.18524
0.57156
1.97248
1.89942
1.84167
1.56956
1.82192
0.8754
1.5525
1.18536
-1.84821
-0.11127
-0.48895
0.40224
0.12803
0.98439
0.18798
0.92595
0.92595
-0.86155
-0.82197
-0.87548
-1.15884
-1.17371
-1.10056
-1.1961
0.84344
-1.42302
-1.51685
-0.91344
-1.4567
-1.11414
-1.02491
-0.98788
-1.0195
-1.03432
-1.07783
-1.07189
-1.0665
-1.06293
-1.07101
-1.05668
-1.16654
-0.98788
-1.06712
-1.16271
-1.1415
-1.14237
-1.10183
-1.22799
-1.19499
-1.1986
-1.19747
-1.35263
-1.36261
-1.07817
-1.38754
-1.38448
-1.41505
-1.33198
-1.29168
-1.27141
-1.25907
-1.24161
-1.20218
-0.91974
0.11045
-0.51617
-0.49317
-0.50723
-0.42545
-0.97775
-0.41185
-0.9486
-0.40572
-0.41091
-0.98569
-0.47549
-0.40603
-0.42159
-0.4154
-0.97308
-0.46714
-0.54939
-0.54601
-0.537
-0.86922
-1.19343
-1.1756
-1.11485
-1.22121
-0.98772
-1.19343
0.11045
-1.21904
-0.38291
-1.18715
-0.56572
-1.24349
-0.69069
-0.47549
-0.42841
-0.32475
-0.4157
-0.32475
-1.15454
-1.15345
-1.13479
-1.12624
-1.20296
-1.27076
-1.22121
0.65909
-1.50407
-0.53058
-1.48068
-0.87156
-0.88099
-1.47222
-0.86136
-1.32056
-1.08068
-1.50359
-1.47428
-1.53947
-0.50687
-0.54556
-1.51296
-1.53086
-1.59485
-1.54911
-0.50737
-1.5581
-1.29417
-1.23061
-1.153
0.47094
-1.13728
-1.6269
0.42215
0.42577
-1.75012
0.44099
-1.72214
0.45215
-1.24571
-1.22834
0.28536
0.28719
-1.35678
-1.32058
0.54784
-0.84585
-1.32771
-1.29823
0.49214
-0.54556
-1.48056
1.72632
-1.16237
1.46874
1.44285
0.25103
1.45995
1.52402
1.51216
0.45215
1.55305
-1.32058
1.34681
1.40145
0.9786
0.26745
0.95373
-1.50857
1.65471
1.18116
1.41049
1.19504
1.26444
2.17279
3.15388
3.17069
3.23969
1.68698
2.4021
2.34635
2.43233
3.03505
2.37394
3.07954
2.28834
2.24314
2.32749
1.8032
2.31887
2.35785
2.24558
2.27357
2.23236
2.35785
2.95281
-0.25123
-0.19299
-0.1427
-0.25404
-0.26173
-0.22997
-0.22641
-0.21519
-0.25045
-0.15377
-0.1874
-0.3092
-0.1715
-0.10511
-0.10245
0.01197
0.03932
0.09903
0.49766
0.51482
-0.07169
0.58053
-0.23329
-0.23329
0.55058
0.57855
0.55297
0.63224
0.83288
0.27528
0.4363
0.63224
0.91335
0.86402
0.67268
-0.22542
0.41214
0.38012
0.3533
0.32302
0.26
0.30111
0.30111
0.30172
0.30172
0.27442
0.27049
0.35871
0.36745
0.35902
0.34751
0.33333
0.33333
0.33333
0.33333
0.33333
0.33303
0.3142
0.33303
0.31395
0.33266
0.32295
0.35114
0.33006
0.4362
0.32153
0.40259
0.19602
0.29688
0.54703
0.37443
-0.01902
0.16025
-0.00661
-0.01801
-0.01979
0.14125
-0.01979
-0.0054
-0.0054
-0.0054
-0.0054
-0.0054
-0.0054
-0.0054
-0.0054
-0.0054
-0.00589
0.13351
-0.0121
-0.0121
-0.01147
-0.0121
-0.0121
-0.0121
0.37803
-0.07085
0.08365
0.08407
0.08976
0.10961
0.08677
0.08499
0.07253
-0.04642
-0.07085
0.16598
0.44741
0.37292
0.54176
0.08482
0.00849
0.08764
0.09425
0.40382
0.40382
0.13165
0.13178
0.32908
0.33005
0.32862
-0.54554
0.44377
-0.7055
0.32862
-0.42717
-1.25132
-1.22415
-1.37232
-1.21101
-0.89136
0.3045
0.02616
-0.50929
0.65024
0.66777
0.81952
1.04644
0.82757
0.78439
0.86199
0.94184
0.78201
-0.05165
0.82383
0.50631
-0.07036
-0.32188
0.17591
-0.75945
-0.11981
-0.30006
-1.00727
-0.30006
-0.408
-0.011
-1.24937
0.55194
-0.38869
-0.32701
-0.23096
-0.22437
-0.14088
-0.14219
-0.15653
-0.14219
-0.07627
-0.12924
-0.11484
-0.00582
-0.07627
-0.11484
-0.08509
-0.13095
-0.12924
-0.10791
-0.09041
-0.12924
-0.1497
-0.13607
-0.17149
-0.11446
-0.10509
0.06218
-0.0665
-0.17149
-0.11828
0.14111
-1.44672
-1.37469
-1.4129
-1.30136
-1.32262
-1.4653
-1.38086
-1.46035
-0.80942
-0.60967
-1.49423
-1.51346
-0.82803
-1.33538
-1.59566
-1.60077
-1.5121
0.65631
-1.57143
-1.68223
-1.63707
-1.72003
-1.67596
-1.69378
-1.8449
-1.68664
-1.89864
-1.69165
-1.90748
-2.80019
-1.70356
-1.66904
-0.93975
-2.02785
-2.59199
-2.10673
-2.10673
-2.09647
-2.09715
-1.58563
-1.69165
-1.7429
-1.71404
-1.62767
-1.47047
-1.58397
-1.58397
-2.02242
-1.5836
-1.97757
-1.56694
-2.55789
-2.01428
-2.01835
-2.62899
-1.52915
-2.03885
-2.5726
-2.1067
-2.1321
-1.51445
-1.51381
-2.9814
-1.51024
-2.97395
-2.98047
-2.9786
-2.9786
-2.37542
-2.9786
-2.9786
-2.44161
-2.97674
-2.97674
-2.97767
-2.97767
-2.97488
-2.97395
-2.95818
-2.94884
-3.31674
-2.44484
-2.93129
-2.94243
-2.93222
-1.61859
-2.94243
-2.93785
-2.78137
-2.78598
-2.72802
-2.76937
-1.88741
-2.78869
-2.20339
-1.42474
-2.76107
-0.37305
-2.76825
-2.82208
-2.80748
-1.93301
